Sample File,C:\Users\APRL lab\Desktop\SMPS data\ENV400_2014\ENV400_20140307.S80
Classifier Model,3080
DMA Model,3081
DMA Inner Radius(cm),0.00937
DMA Outer Radius(cm),0.01961
DMA Characteristic Length(cm),0.44369
CPC Model,3772
Gas Viscosity (kg/(m*s)),1.8325e-005
Mean Free Path (m),6.73e-008
Channels/Decade,64
Multiple Charge Correction,FALSE
Nanoparticle Aggregate Mobility Analysis,FALSE
Diffusion Correction,FALSE
Units,dw/dlogDp
Weight,Number
Sample #,Date,Start Time,Diameter Midpoint, 14.1, 14.6, 15.1, 15.7, 16.3, 16.8, 17.5, 18.1, 18.8, 19.5, 20.2, 20.9, 21.7, 22.5, 23.3, 24.1, 25.0, 25.9, 26.9, 27.9, 28.9, 30.0, 31.1, 32.2, 33.4, 34.6, 35.9, 37.2, 38.5, 40.0, 41.4, 42.9, 44.5, 46.1, 47.8, 49.6, 51.4, 53.3, 55.2, 57.3, 59.4, 61.5, 63.8, 66.1, 68.5, 71.0, 73.7, 76.4, 79.1, 82.0, 85.1, 88.2, 91.4, 94.7, 98.2,101.8,105.5,109.4,113.4,117.6,121.9,126.3,131.0,135.8,140.7,145.9,151.2,156.8,162.5,168.5,174.7,181.1,187.7,194.6,201.7,209.1,216.7,224.7,232.9,241.4,250.3,259.5,269.0,278.8,289.0,299.6,310.6,322.0,333.8,346.0,358.7,371.8,385.4,399.5,414.2,429.4,445.1,461.4,478.3,495.8,514.0,532.8,552.3,572.5,593.5,615.3,637.8,661.2,685.4,710.5,Scan Up Time(s),Retrace Time(s),Down Scan First,Scans Per Sample,Impactor Type(cm),Sheath Flow(lpm),Aerosol Flow(lpm),CPC Inlet Flow(lpm),CPC Sample Flow(lpm),Low Voltage,High Voltage,Lower Size(nm),Upper Size(nm),Density(g/cc),Title,Status Flag,td(s),tf(s),D50(nm),Median(nm),Mean(nm),Geo. Mean(nm),Mode(nm),Geo. Std. Dev.,Total Conc.(#/cm³),Comment
1,03/07/14,07:59:34,,4203.04,3585.37,2800.46,2433.82,3918.87,5040.1,4256.93,4342.19,5989.35,5111.69,4869.87,5366.58,6481.65,6321.16,6548.55,6468.57,5822.15,6830.74,7036.36,5990.85,6734.79,7366.01,6263.31,6560.65,6486.65,7372.53,6303.21,6082.84,5390.6,6701.41,5484.83,6579.64,5524.41,5740.82,5528.99,5208.84,4843.51,5373.66,5204.65,4723.23,4863.49,4995.84,5317.04,5015.35,4952.01,5474.71,5100.89,5280.67,5158.58,5615.57,5332.32,5198.48,5424.08,4735.53,5133.65,5222.01,4782.17,5305.6,4229.38,4386.85,4014.46,4482.27,3917.32,4098.95,4365.65,3369.22,3766.34,3427.15,3333.64,2932.06,2669.52,3039.75,2420.69,2283.69,2401.26,2124.08,2380.28,2155.5,1948.38,1736.88,1548.04,1493.39,1510.23,951.307,989.235,1067.12,1037.72,793.967,729.016,500.713,526.359,567.71,603.708,299.216,231.41,202.961,185.495,338.598,310.83,90.7758,153.618,301.711,176.236,28.4062,132.203,33.5672,86.1221,87.1502,35.5132,0,210,30,FALSE,1,0.071,3,0.3,1,1,10.2319,9601.54,13.8237,723.394,1.36,,Normal Scan,1.78,7.52082,1204.88,49.5984,76.8264,54.304,34.5989,2.25047,6254.63,
2,03/07/14,08:03:37,,1746.54,4189.42,3576.41,3684.62,3546.06,3587.38,3969.04,4542.22,5795.87,5171.59,5952.72,5437.67,5718.47,6264.92,6908.44,6653.12,5997.28,5972.54,6553.95,6546.58,6140.3,6565.16,5936.01,6102.69,5652.89,5812.83,6852.52,5314.22,5385.67,4911.94,6010.56,5021.09,4794.17,4908.17,4236,5540.95,4131.83,4107.5,4666.14,5493.94,4720.5,4777.48,5034.8,4860.04,5422.8,5237.45,5020.34,5122.2,5144.45,5623.59,4733.6,4688.58,5424.57,4373.38,4823.13,4681.99,4806.98,4165.7,4404.07,4397.35,4442.98,4679.44,3899.06,3593.35,4137.8,3873.71,3220.17,3444.09,3146.13,3081.73,2954.17,3036.24,2751.7,2299.21,2385.71,2143.56,1853.87,2217.21,1802.02,1823.6,1198.49,1542.91,1297.12,1261.12,1036.5,612.967,1046.01,719.568,652.449,457.91,650.757,480.565,357.912,335.269,332.718,426.901,254.976,133.979,145.795,76.5748,92.7357,62.7241,31.8258,130.202,98.0088,101.863,0,34.9348,35.5132,36.1112,210,30,FALSE,1,0.071,3,0.3,1,1,10.2319,9601.54,13.8237,723.394,1.36,,Normal Scan,1.78,7.52082,1204.88,50.3749,76.8724,54.425,23.291,2.25639,5957.7,
3,03/07/14,08:07:37,,1050.56,3405.08,3457.25,3402.12,2885.14,3577.84,4767.52,5543.03,3973.1,5075.4,5524.4,4955.48,5231.96,5190.26,5645.28,6463,6075.37,6083.88,5870.73,6385.72,6547.73,6038.15,5716.74,6968.25,5558.29,5371.53,5082.47,6317.37,5007.29,4997.11,5065.63,5420.94,5057.16,4049.42,4735.56,4194.6,4222.37,4254.26,4909.26,4384.96,4846.4,4937.49,5204.43,4585.94,5653.86,4501.13,4716.27,5049.74,4545.95,5558.29,4629.49,4865.99,4870.88,4180.97,4310.06,3856.79,5065.59,4006.33,4864.2,4214.66,4388.34,3849.69,4101.6,4302.85,3081.26,4206.5,3539,3479.16,3420.36,2757.46,2678.54,2961.28,2742.29,2335.54,2570.94,2417.68,2134.06,2192.97,1967.13,1531.23,1703.32,1074.46,1207.57,1175.57,1252.43,762.977,535.76,620.061,803.596,555.923,370.1,401.451,483.491,425.724,314.589,231.233,174.12,186.994,179.039,121.034,61.8238,125.448,222.781,0,33.0509,0,34.3753,0,0,36.1112,210,30,FALSE,1,0.071,3,0.3,1,1,10.2319,9601.54,13.8237,723.394,1.36,,Normal Scan,1.78,7.52082,1204.88,51.6485,77.7696,55.2517,32.1968,2.25316,5729.34,
4,03/07/14,08:11:37,,1482.95,3539.13,2855.53,4193.29,3184.15,3608.48,4615.93,4242.77,5133.52,5751.11,5269.54,4965.3,5701.09,5682.4,6764.62,6857.99,5600.47,6522.18,6549.13,6134.24,6239.48,6086.14,6619.14,5796.64,5743.65,5994.04,5542.43,5883.34,5249.08,5257.75,5310.17,4639.98,4538.97,4370.13,5053.14,3992.74,4640.94,3855.99,4898.61,4261.55,4491.73,4602.7,4833.13,4933,5163.42,4902.66,4636.97,4919.26,5275.42,4929.88,4694.85,5085.63,5069.77,5134.6,4765.47,5012.71,5101.18,4212.2,4128.57,4239.72,4834.37,3624.42,3614.66,3493.32,3731.45,3711.97,3564.85,3456.13,3164.97,3313.49,2752.21,2945.17,2757.32,2678.11,1907.76,2074.47,2338.58,1829.52,1679.85,1712.13,1465.82,1288.24,1141.37,1049.22,1168.11,704.257,523.773,917.675,650.269,627.911,489.179,459.805,331.751,345.854,164.592,282.726,217.804,133.408,203.902,98.7552,84.584,0,0,0,99.1526,0,0,0,71.0263,0,210,30,FALSE,1,0.071,3,0.3,1,1,10.2319,9601.54,13.8237,723.394,1.36,,Normal Scan,1.78,7.52082,1204.88,50.5931,76.3414,54.4159,24.1442,2.24477,5788.51,
5,03/07/14,08:15:37,,1146.92,3630.69,4227.31,3497.26,3119.72,4328.75,3723.81,4501.38,4976.16,4525.83,6060.75,5722.27,5490.15,6340.67,5477.67,5863.95,6205.45,5920.8,6168.54,6330.45,6998.66,6395.37,6840.09,5747.58,6131.1,6003.04,5996.42,5487.1,5843.96,5127.98,5190.32,5141.52,4728.22,4903.44,4727.49,4911.41,4660.19,4962.03,4953.7,4951.69,4819.09,4222.92,4633.76,4512.91,4267.57,4923.88,5245.64,5112.92,4939.54,4436.57,5012.95,4668.45,4465.79,4503.19,4649.99,4585.25,5074.86,3818.18,4224.82,4173.35,4420.99,3936.29,4246.45,3407.04,3757.73,3469.39,3579.91,3175.23,3099.17,2697.65,2861.52,2633.51,2803.76,2424.88,2195.91,1919.63,1922.03,1644.83,2038.03,1715.92,1697.51,1347.63,1181.72,1275.19,1063.06,1160.97,930.076,718.661,877.9,657.485,237.282,263.715,295.506,355.353,183.787,249.719,300.084,116.925,119.36,90.7758,30.9119,62.7241,4.05191,93.507,33.0509,0,0,0,106.539,36.1112,210,30,FALSE,1,0.071,3,0.3,1,1,10.2319,9601.54,13.8237,723.394,1.36,,Normal Scan,1.78,7.52082,1204.88,49.7308,76.11,54.1046,28.9026,2.24428,5792.05,
6,03/07/14,08:19:38,,1888.4,3473.08,2343.96,3542.12,2805.12,3016.39,3969.04,4251.11,4689.05,4322.02,4315.16,6089.64,5231.96,6058.36,6609.22,5766.69,6580.76,6586.96,6577.64,6586.1,6631.14,5745.88,7069.39,6548.01,5628.16,5979.43,5615.46,6205.72,5871,4392.47,4832.27,5149.23,4418.35,5334.43,5182.83,4228.01,4374.15,4508.28,4903.95,4563.09,4567.46,4954.44,4467.1,5123.76,5425,5385.96,4362.5,4983.86,4845.57,5302.21,5435.09,5114.43,5189.38,4798.23,4708.87,4877.94,4764.36,4845.22,4167.09,4287.99,4511.68,4182.23,3790.46,4071.93,3571.29,3748.06,3262.63,3570.67,3007.36,2929.56,2753.58,2525.49,2735.97,2459.73,2501.12,2532.88,2000,2074.92,1731.12,1631.75,1842.09,1467.95,1254.49,1130.48,1071.33,933.895,823.062,771.205,500.916,631.851,381.382,416.333,393.518,217.612,203.683,188.121,229.179,46.285,161.631,68.4966,84.584,31.3621,0,65.1008,66.1017,42.6754,59.4231,0,71.0263,28.889,210,30,FALSE,1,0.071,3,0.3,1,1,10.2319,9601.54,13.8237,723.394,1.36,,Normal Scan,1.78,7.52082,1204.88,51.5875,77.1246,55.2634,31.059,2.22989,5816.65,
7,03/07/14,08:23:37,,1459.81,3561.81,2612.64,2920.81,2144.97,3205.84,3857.7,3592.85,3988.72,3154.61,4359.97,5009.03,5648.3,5904.75,6772.06,5819.53,6208.35,5917.96,6362.42,6699.91,6164.45,6588.02,6048.44,6119.48,7621.32,6703.69,6921.02,6917.39,6433.04,5761.3,5576.93,5918.31,5558.84,5747.12,5386.7,5564.42,5643.43,5318.03,4770.9,4448.58,5128.86,5474.4,5446.3,5615.89,5289.86,5036.74,5606.21,5673.29,5407.25,5056.1,5106.67,5550.02,5027.06,5350.05,5475.6,5016.88,4714.73,4712.16,4985.66,4119.73,4383.64,4639.12,3978.42,4683.44,4158.71,4384.92,3764.43,3680.18,3428.44,3411.16,3010.24,2914.64,3094.51,2943.11,2320.88,2462.92,2054.94,1970.63,1720.85,1568.46,1420.53,1438.23,1434.85,1262.92,1051.19,969.439,851.056,574.656,703.871,534.424,636.142,512.548,268.642,409.756,247.771,156.202,242.79,280.135,251.15,129.014,115.496,156.81,0,130.202,98.0088,34.7289,17.3715,17.2806,35.5132,36.1112,210,30,FALSE,1,0.071,3,0.3,1,1,10.2319,9601.54,13.8237,723.394,1.36,,Normal Scan,1.78,7.52082,1204.88,52.8874,78.7296,56.9055,33.3762,2.20398,6106.21,
8,03/07/14,08:27:37,,2056.41,3271.13,2378.16,2281.1,3746.2,4004.41,3855.28,4693.08,5007.5,4340.1,5181.81,5758.27,5510.87,5080.88,6873.33,6992.78,7289.64,6540.29,6948.85,7481.15,7524.52,7887.5,7863.93,7238.44,7184.4,5843.54,6757.15,5448.88,7200.05,5796.1,5907.34,5110.44,4914.52,5147.4,4666.82,5344.84,4511.49,5690.99,5601.47,5432.14,4810.97,5003.04,5388.59,5913.42,5994.52,5982.78,5862.61,6123.35,5577.79,5327.38,5986.96,6329.44,5098,5577.16,5064.15,5021.59,5088.39,5408.41,5391.62,4964.71,4618.66,4451.97,4480.39,4155.05,4023.21,3788.85,3941.4,3551.66,3477.75,3900.68,3313.01,3174.4,2612.85,2486.2,2288.17,2445.06,2660.45,2175.25,2073.8,1992.74,1308.43,1438.23,1658.05,1170.29,880.97,957.071,731.099,820.239,804.065,632.437,395.997,475.93,470.091,391.406,146.463,302.618,285.048,175.388,222.884,76.5748,153.618,63.6792,35.8778,158.608,66.1017,67.1345,34.3753,69.8696,0,0,210,30,FALSE,1,0.071,3,0.3,1,1,10.2319,9601.54,13.8237,723.394,1.36,,Normal Scan,1.78,7.52082,1204.88,52.7772,77.6679,55.8723,29.9614,2.21655,6404.41,
9,03/07/14,08:31:37,,1627.04,3940.21,3175.2,3887.74,2947.82,3674.6,4573.94,4438.24,3649.17,4724.35,5204.23,6728.75,6560.72,6090.83,6550.49,6386.99,5497.66,7517.93,7615.61,7775.28,7317.84,6852.71,7649.75,6585.09,7330.41,6694.16,5744.7,6228.14,5788.93,6252.85,6550.17,5391.63,6398.16,5578.44,5988.44,5540.32,5033.71,5624.2,5673.7,6148.5,5479.71,5459.22,5167.21,5350.54,5327.53,5716.06,5512.82,6173.49,5646.33,5373.46,5596.84,6225.92,5731.9,5756.74,5718.14,5418.09,5583.19,5004.12,4805.62,4738.91,5013.64,5311.66,4356.48,4645.1,3916.55,3988.68,3720.05,3905.43,3346.48,3311.79,3034.03,2449.65,3178.04,2549.04,2315.41,2629.02,2421.09,1983.92,1995.24,1897.45,1441.99,1509.04,1569.74,1551.68,1232.3,1245.99,1025.41,1023.81,848.782,632.046,565.993,408.304,515.078,289.717,110.906,354.11,300.084,116.925,89.5197,121.034,154.559,0,95.4775,32.5504,0,100.702,0,0,27.2509,8.40143,210,30,FALSE,1,0.071,3,0.3,1,1,10.2319,9601.54,13.8237,723.394,1.36,,Normal Scan,1.78,7.52082,1204.88,52.1694,77.4213,55.6902,27.8813,2.21846,6532.26,
10,03/07/14,08:35:38,,1745.76,4771.72,1999.36,3928.05,4107.13,4543.35,5174,5917.3,5148.11,6552.34,5726.36,8125.99,7718.64,7562.39,9481.03,8897.65,8246.11,8544.94,8251.64,8415.11,7987.48,6988.78,7450.57,7667.16,7606.16,6512.95,6201.26,6540.04,6054.88,5612.15,5975.24,6068.91,5751.29,4349.25,5586.61,5306.31,5968.67,5533.84,5313.14,5200.47,5406.68,5787.9,5781.63,5370.07,5743.88,5873.7,5460.47,6869.6,5937.81,5425.15,6069.59,5822.6,5352.89,5725.27,5749.7,5357.39,5174.32,4704.3,5153.55,4820.11,4656.01,4625.14,4217.86,4269.67,4068.85,3591.16,3697.11,2834.88,3274.39,3048.09,3038.32,2697.87,3015.42,2766.69,2498.06,2385.92,1829.72,1862.43,1607.65,1801.5,1928.93,1531.62,1291.67,1051.52,1380.84,889.811,676.319,618.503,577.676,572.701,326.725,207.578,376.098,273.749,220.045,226.18,257.826,192.441,56.2755,191.289,129.163,50.8141,108.533,162.752,33.0509,0,34.3753,34.9348,0,36.1112,210,30,FALSE,1,0.071,3,0.3,1,1,10.2319,9601.54,13.8237,723.394,1.36,,Normal Scan,1.78,7.52082,1204.88,47.6146,72.6,52.04,23.291,2.20999,6802.23,
11,03/07/14,08:39:37,,645.898,2486.84,2926.43,2665.78,2862.35,3842.95,3272.92,3128.58,3515.18,4641.08,4849.43,5040.13,6250.64,5345.79,6320.3,6251.38,6730.4,6268.12,6657.99,6122.61,6221,6378.52,6184.99,6188.11,5780.32,5389.3,5643.4,5130.11,5804.01,5065.41,5023.49,4686.91,5303.02,4637.03,4166.5,4868.22,4753.52,4803.02,5155.38,5222.49,4481.45,4457.83,4630.3,4763.59,4314.28,5016.4,5087.46,4973.01,5154.94,5081.27,5035.85,4810.53,5138.36,5213.11,4518.1,4436.32,4494.36,4958.6,4101.91,4211.48,4331.55,3928.3,3509.9,4201.2,3699.13,4286.34,3503.62,3363.82,3284.14,2943.11,3198.46,2240.92,2240.5,2183.75,2168.28,2113.85,2259.44,1882.88,1532.72,1629.8,904.438,1404.22,1231.82,811.873,958.883,859.951,673.256,770.554,727.691,555.728,329.588,438.069,318.288,245.899,479.181,302.618,44.4949,279.564,233.741,250.048,177.32,62.7241,159.129,32.5504,66.1017,0,68.7506,34.9348,0,36.1112,210,30,FALSE,1,0.071,3,0.3,1,1,10.2319,9601.54,13.8237,723.394,1.36,,Normal Scan,1.78,7.52082,1204.88,52.3327,77.7729,55.8379,25.0287,2.21725,5657.31,
12,03/07/14,08:43:37,,764.617,2330.15,2107.88,1975.55,2036.72,2460.42,2985.03,3644.3,3702.86,3308.12,4076.54,3663.47,4117.27,4834.77,4488.28,4559.8,4505.68,5165.95,7048.03,6635.46,5050.44,5358.01,4831.22,5317.83,4837.95,5020.68,5002.8,3642.86,4243.17,4389.2,4583.59,4426.13,4142.18,4672.5,3479.93,4216.54,3767.52,3963.84,4088.54,4199.15,4155.81,3896.07,3566.97,4000.81,3935.31,4083.7,4179.3,4386.8,4485.74,4558.65,4338.22,4332.93,4464.34,4092.49,4740.66,4119.38,4838.92,4326.77,3632.73,3978.31,3893.39,4461.77,3835.35,3732.95,3618.94,3230.25,2927.71,2990.65,2928.62,2462.13,2317.81,2482.89,2395.65,2329.86,2148.39,2250.1,1711.18,1781.32,1642.92,1810.61,1203.11,1252.81,1316.61,974.667,858.601,913.841,1037.72,695.761,577.29,458.301,351.275,385.326,156.463,190.41,342.316,259.506,386.026,87.6938,222.884,54.2956,208.232,62.7241,159.129,130.202,0,0,34.3753,0,0,72.2224,210,30,FALSE,1,0.071,3,0.3,1,1,10.2319,9601.54,13.8237,723.394,1.36,,Normal Scan,1.78,7.52082,1204.88,55.3224,81.277,58.2453,26.896,2.23698,4923.49,
13,03/07/14,08:47:38,,764.617,1927.17,1999.36,1805.58,2805.12,1612.76,2768.92,3110.05,2353.53,2726.57,3407.65,3238.8,3408.9,4861.37,3848.08,3773.12,4829.12,4691.35,4359.87,4151.77,5351.77,5256.51,4391.4,4961.3,4527.66,4918.39,5147.37,4726.3,4542.04,4502.75,4686.11,4639.72,3771.6,4705.49,4307.9,4004.93,3557.36,3547.24,4505.07,3490.48,4524.05,4699.67,4616.07,5067.87,4086.03,4436.93,4899.59,4326.17,4582.36,4410.55,5004.86,3871.82,4537.45,4392.26,4766.07,4680.39,4250.41,4534.61,3673.8,3838.54,3673.87,3628.59,3491.64,3145.23,3423.49,3149.15,3447.77,2956.03,2822.3,3027.21,2763.12,2744.23,2130.56,1841.21,1745.58,1761.57,2033.28,1624.86,1472.87,1581.54,1270.6,1179.21,885.413,1091.34,800.129,866.635,760.624,674.163,702.822,530.679,418.561,395.573,313.628,228.197,247.771,156.202,128.2,146.156,266.728,122.891,92.7357,31.3621,127.303,97.6512,66.1017,33.5672,68.7506,0,27.2509,44.5127,210,30,FALSE,1,0.071,3,0.3,1,1,10.2319,9601.54,13.8237,723.394,1.36,,Normal Scan,1.78,7.52082,1204.88,58.6466,82.1459,59.8374,28.9026,2.19638,4772.24,
14,03/07/14,08:51:37,,860.194,1613.86,776.862,1409.31,1416.68,1614.18,1338.85,1971.27,2037.45,2815.13,2418.58,3116.96,3738.81,3907.63,3532.81,3808.74,4303.87,3962.69,3877.52,3936.53,3765.75,4255.73,3924.59,3888.5,3988.83,4114.64,4752.26,4061.6,4664,3710.58,4086.17,3991.49,3803.6,4292.31,3900.16,3646.31,3926.86,3421.91,3935.3,4020.66,3829.35,3822.91,4286.01,4370.13,4006.94,4434.26,4208.17,3974.72,4723.15,3906.04,4187.2,4407.95,4494.71,3706.59,4303.31,3729.76,3813.78,3755.95,3608.32,3727.73,4057,3573.95,3318.57,3119.32,3429.34,3068.85,2547.49,2870.9,2838.8,2975.97,2577.3,2272.29,2381.85,2008.49,1901.64,1739.9,2165.99,1430.27,1413.16,1426.2,1210.34,1006.44,1235.56,986.152,809.093,961.901,721.851,423.255,703.291,526.739,566.87,433.433,286.764,253.664,304.992,312.405,245.026,128.532,89.5197,121.034,92.7357,62.7241,127.303,19.0399,79.8199,134.269,0,0,71.0263,36.1112,210,30,FALSE,1,0.071,3,0.3,1,1,10.2319,9601.54,13.8237,723.394,1.36,,Normal Scan,1.78,7.52082,1204.88,61.6256,85.7499,62.6972,35.8664,2.19029,4327.71,
15,03/07/14,08:55:37,,477.885,1029.62,1073.21,854.533,1043.87,1003.64,1380.83,2000.42,2042.94,3067.04,2659.22,2687.15,3139.12,3085.88,2775.27,2983.58,3659.9,2917.5,3168.23,3528.73,3816.64,4663.89,3318.34,3503.36,3874.07,3452.78,3096.87,3831.45,3867.51,3375.87,3365.85,3721.94,3624.48,3065.22,3260.72,2805.15,2857.33,3791.72,3413.21,3787.94,3595.57,3246.37,3676.99,3742.13,3199.19,3317.62,3025.66,3045.35,3423.78,3327.73,3455.11,3873.09,3555.63,3705.87,3322.39,3478.08,3634.51,3218.09,3670.1,3259.62,3284.61,3464.72,2895.01,2798.57,2609.51,2667.38,2761.58,2272.06,2643.41,2324.62,1845.89,2384.63,1935.31,1740.86,2303.81,1844.69,1925.47,1489.96,1323.9,1131.16,1085.2,1022.08,997.292,930.352,865.317,894.081,395.524,645.169,449.384,530.679,496.252,215.608,362.634,282.6,275.498,169.635,257.826,116.925,59.6798,68.4966,53.6721,62.7241,63.6517,32.5504,0,33.5672,34.3753,34.9348,0,36.1112,210,30,FALSE,1,0.071,3,0.3,1,1,10.2319,9601.54,13.8237,723.394,1.36,,Normal Scan,1.78,7.52082,1204.88,61.3355,86.383,63.127,29.9614,2.19829,3749.45,
16,03/07/14,08:59:37,,191.154,223.661,969.662,951.046,642.826,868.753,1133.18,1053.33,1032.02,1497.29,1558.02,1790.81,2292.43,2302.24,2102.05,1940.36,2261.57,2033.05,2853.85,2773.04,2651.01,3002.47,2400.94,2008.94,2600.7,3008.44,3004.54,3124.5,3344.57,2868.1,2524.18,3146.58,2191.5,3367.73,3305.27,2934.78,2738.36,3052.56,2707.07,3009.41,3064.55,2523.14,3102.86,3414.77,3362.05,3468.79,3103.17,3233.61,3232.53,3678.54,3311.94,3559.3,3575.8,3416.41,3691.53,3197.38,3520.18,3370.83,3291.16,2752.12,2772.14,3139.19,2899.93,2667.65,2512.32,2806.12,2487.06,2647.69,2218.79,1907.49,2327.35,1771.51,1990.6,1731.4,1505.11,1547.15,1193.44,1190.9,1169.6,1368.71,1182.84,1098.4,1027.9,637.205,1034.27,792.131,536.716,699.922,625.317,377.456,344.203,317.7,282.042,63.254,130.101,335.943,212.717,29.2313,89.5197,60.5172,122.706,95.0412,31.8258,130.202,99.1526,67.1345,34.3753,0,35.5132,0,210,30,FALSE,1,0.071,3,0.3,1,1,10.2319,9601.54,13.8237,723.394,1.36,,Normal Scan,1.78,7.52082,1204.88,69.7288,92.4811,68.9596,98.2172,2.15406,3213.75,
17,03/07/14,09:03:37,,191.154,717.269,524.026,922.2,1026.54,1170.57,984.013,1024.19,1313.64,1086.35,1574.32,2030.5,1436.58,2345.52,2488.41,2285.73,2438.52,2650.36,3128.04,2269.9,3002.03,2779.96,2467.72,3006.21,2759.01,3373.86,3267.79,3143.65,3618.75,3681.35,3606.83,3848.87,4862.28,4727.93,4822.8,5379.69,5098.88,5207.47,5338.62,5297.24,4755.17,5323.44,5084.42,5543.76,4715.03,5288.77,5127.53,5485.18,5789.28,5853.65,5448.83,6059.28,6250.45,5850.11,5662.93,5904.78,6136.48,5884.81,5609.34,5753.19,5075.86,5805.51,5297.29,5134.05,4642.09,4268.78,4477.52,3948.96,4064.85,3960.04,3664.21,3153.87,3002.84,2897.66,2502.8,2767.78,2218.19,2184.31,1795.77,1703.65,1667.82,1678.82,1642.29,1147.03,1123.07,638.853,971.013,1147.24,877.045,806.182,740.2,477.171,500.974,491.36,506.908,302.618,456.932,204.619,117.529,153.15,92.7357,175.307,140.359,130.202,99.1526,100.702,68.7506,0,35.5132,0,210,30,FALSE,1,0.071,3,0.3,1,1,10.2319,9601.54,13.8237,723.394,1.36,,Normal Scan,1.78,7.52082,1204.88,79.481,99.8513,77.1653,91.3982,2.06647,4866.95,
18,03/07/14,09:07:38,,1314.94,2800.15,1939.32,3311.28,2821.47,3107.67,3420.64,4384.51,4451.3,4175.77,3864.43,4643.52,5775.04,5925.45,6019.28,6553.37,6986.82,7393.2,6965.63,8895.1,8560.27,8138.27,9111.96,8852.57,7810.51,8278.21,8439.97,7877.51,7443.81,7614.31,6982.29,6441.19,6359.51,6370.3,6372.6,5923.14,5745.65,5912.22,6142.48,5986.7,5853.23,4957.68,4837.37,5078.99,4806.89,5374.95,5215.8,4866.41,4612.48,5238.61,4858.09,5011.87,4842.66,5015.94,5290.51,5148.65,4619.98,4685.12,4433.2,4821.16,4710.88,4856.58,4026.52,4186.55,4051.91,3746.64,4222.52,3355.71,3434.99,2724.12,3501.24,2306.89,2028.84,2257.54,2002.45,1978.03,2160.5,1771.42,1686.63,1359.63,1501.78,1446.73,1142.61,1000.12,752.869,1049.77,980.836,622.526,377.177,686.865,440.248,373.837,532.561,353.619,277.265,226.18,257.826,263.082,119.36,189.531,53.6721,125.448,127.303,32.5504,33.0509,42.6754,25.0478,34.9348,0,36.1112,210,30,FALSE,1,0.071,3,0.3,1,1,10.2319,9601.54,13.8237,723.394,1.36,,Normal Scan,1.78,7.52082,1204.88,47.807,73.9033,53.9025,31.059,2.15118,6439.96,
19,03/07/14,09:11:38,,286.731,761.613,1475.33,951.046,1164.76,1542.58,2159.18,1752.42,2149.09,2355.17,2379.89,2615.12,2601.61,2907.54,3129.5,3328.94,3340.72,4553.85,3596.15,3179.05,4233.18,18270.6,112309,323813,557147,720765,755319,733669,663231,587634,511993,438395,370845,322493,274675,240789,212922,184611,166867,146014,131006,114368,105444,91632.5,82990.1,76587.9,69589.4,62124.1,57875.4,53520.5,49520.8,44336.1,41798.7,39356.9,36971.4,34013.3,30110,28669.7,27903,23339.8,23005.5,22035.9,21434,20627.1,19222.4,18207,17116.3,15918.3,15721.5,14802.3,13081.2,12000.8,11016.7,10433.8,9480.6,7037.6,7584.04,6137.49,6222.96,4954.05,4288.9,3826.44,3114.18,2426.83,2404.6,2103.67,2002.55,1788.9,1555.11,1082.08,1000.05,806.295,832.022,799.428,534.634,472.253,628.816,321.544,342.243,296.364,300.967,282.259,95.4775,233.382,60.4873,76.2427,265.675,104.804,106.539,72.2224,210,30,FALSE,1,0.071,3,0.3,1,1,10.2319,9601.54,13.8237,723.394,1.36,,Normal Scan,1.78,7.52082,1204.88,40.5104,49.9501,45.546,35.8664,1.45182,139088,
20,03/07/14,09:15:38,,1196.22,2418.89,2589.31,1964.09,2954.25,2665.48,3230.26,2738.06,3258.29,3129.95,5212.4,3990.85,5073.8,5458.01,6054.25,5680.34,6239.9,7061.51,6707.68,6654.3,7828.51,9200.46,7586.43,8772.89,8088.95,7816.26,8087.99,8838.32,8369.77,8561,8108.01,7456.72,8224.53,7809.35,8152.55,7846.19,7460.01,7752.84,7523.92,7512.11,6415.21,6721.26,7202.34,6336.15,6451.01,6250.8,5724.19,6391.04,6058.3,6597.46,6208.96,5963.81,6140.83,6188.48,6649.67,6013.74,5634.02,6439.87,5790.98,6010.59,5721.5,5977.69,5570.25,5012.89,4804.4,4467.18,4665.38,4355.11,4411.08,3699.29,3455.55,3104.77,3021,2931.37,2561.12,2428.36,2347.9,2372.61,1810.99,1659.15,1543.18,1776.43,1785.33,1126.08,1096.91,1056.61,970.381,767.694,754.161,662.248,557.812,512.548,286.764,444.075,453.222,202.961,242.79,209.495,323.261,122.693,214.689,94.0862,31.8258,162.752,132.203,33.5672,34.3753,0,0,36.1112,210,30,FALSE,1,0.071,3,0.3,1,1,10.2319,9601.54,13.8237,723.394,1.36,,Normal Scan,1.78,7.52082,1204.88,54.2554,78.8765,58.6529,29.9614,2.12067,7194.92,
21,03/07/14,09:19:37,,573.462,1568.54,2241.33,3456.95,3590.64,4052.08,5645.02,4315.32,6644.98,6714.64,8279.51,8988.18,8765.81,11301.5,11883.4,12319.3,12016.2,12318.3,12684.8,14759.5,13556.1,14197.6,15690.5,15231,16197.7,16198.8,15343.6,15786.4,15987.3,15492.7,15422.2,14886.6,15461,15032.2,14471.8,14183.5,15525.6,15069.4,15694.4,14346.1,14109.6,13989,14828.1,14667.4,13768,14578.8,13856.2,14137.1,14230.5,14303,13402.7,13956.5,12458,12622,13425.9,13184.8,12722,12021.9,10816.3,11487.8,11255.7,10224.3,10705.7,10499.5,9344.26,10117.1,9652.38,9378.38,8611.94,8593.85,7719.54,8004.58,7178.06,6775.37,6203.41,6771.69,5918.18,6117.21,5510.55,5236.01,4694.31,4682.82,4139.46,4596.46,4290.07,3116.19,3487.57,2949.51,2483.1,2176.36,2246.43,2073.37,1893.76,2263.18,1621.03,1881.15,1519.12,1314.84,995.317,796.56,762.763,509.335,651.061,492.104,272.511,421.023,360.209,173.927,177.566,72.2224,210,30,FALSE,1,0.071,3,0.3,1,1,10.2319,9601.54,13.8237,723.394,1.36,,Normal Scan,1.78,7.52082,1204.88,60.8654,90.6356,65.1724,34.5989,2.20221,14771.7,
22,03/07/14,09:23:38,,1624.03,2554.79,2036.07,3570.72,3721.67,4258.57,4718.28,5296.11,5383.79,6424.47,8083.7,7203.22,8393.83,8085.8,8861.91,8993.6,10687.8,9416.26,10391.3,13070.2,12749.2,11170.8,12681.9,12215.1,12493.6,12575,12362.4,13079.9,13364.8,13730.2,13704.4,14384.1,13247.5,14664.4,14067.8,13402.6,13373.1,12720.7,13366.5,13030.2,13134.4,13452.6,14039.8,12712.3,13305.6,12951.6,12483.5,13070.1,11645.6,12956.6,12784.3,12239.2,11220.1,12424.8,12333.8,11813.5,10910.8,11086.7,11822,11206,10789.5,10379,10074.1,9455.04,8716.51,8994.94,8645.32,8285.32,7181.42,8144.65,7515.6,7087.79,6758.01,6904,6449.42,6701.58,5623.18,6053,4860.18,4777.15,4628.24,4173.2,4643.91,4203.59,3488.66,3453.88,3493.95,2870.18,3234.81,1968.71,2668.33,1950.58,2194.06,1611.17,1907.13,1232.28,1466.3,1138.31,825.304,858.835,837.313,736.412,696.842,317.216,460.424,237.294,171.876,174.674,62.764,181.735,210,30,FALSE,1,0.071,3,0.3,1,1,10.2319,9601.54,13.8237,723.394,1.36,,Normal Scan,1.78,7.52082,1204.88,63.3518,93.4894,67.0281,46.1384,2.22378,13313.1,
23,03/07/14,09:27:38,,1627.82,3672.21,2987.37,2886.29,1995.84,3507.66,3694.02,4159.61,4343.91,6098.89,5930.3,6675.2,6985.74,7025.03,8276.73,7235.31,8880.53,9346.32,9547.29,9124.16,10267.8,10875.2,10828.7,11660,11805.9,12523.3,11994.8,11820,11779.8,11712.7,11431.7,12464,10963.7,12078.8,11958,11416.6,10973.5,11555.7,11850.8,11955.8,11584.4,11205.8,11107,10875.3,11132.4,11227.8,11004.2,10372.8,10466.5,10267.2,10916.8,9821.6,9470.75,10027.4,10201.2,9073.92,8660.25,9851.29,8856.18,9687.88,9422.41,8519.44,9110.13,8280.39,7577.5,6762.23,7495.07,7890.59,8114.54,7429.27,7389.2,7209.18,6611.01,6203.4,5580.99,5639.77,5247.23,5485.9,5585.9,4987.21,4278.92,4345.84,4186.31,3924.8,3871.32,3423.16,3127.26,2729.73,2783.33,2278.32,2405.15,2184.73,1983.68,1769.62,1689.92,1216.36,1395.39,975.097,1081.43,774.379,924.533,881.003,509.213,507.296,278.125,286.754,273.719,191.955,213.079,72.2224,210,30,FALSE,1,0.071,3,0.3,1,1,10.2319,9601.54,13.8237,723.394,1.36,,Normal Scan,1.78,7.52082,1204.88,63.6265,96.5042,68.2184,34.5989,2.26465,11669.2,
24,03/07/14,09:31:38,,2007.12,2958.74,2715.27,3299.82,4428.16,3716.79,4265.93,5423.88,4456.78,5324.05,6197.4,6441.35,6180.48,7628.25,6974.63,7992.45,7027.59,8005.57,9185.48,9780.01,10066.9,10004.9,10190.8,10961.1,9162.58,10288.7,11066.1,10037.3,9907.38,10544.2,10065.7,10883.7,10000.1,10371.6,10620.6,10295,10396.9,10375,10332.1,9675.29,10468.5,10290.1,9703.74,10098.1,10961.5,9743.55,10216.5,9295.35,10136.6,9643.93,9642.76,10430.8,10223.3,8720.29,8688.2,8697.92,9131.62,9088.12,9331.81,8193.62,8345.13,8237.74,8755.85,8205.62,7960.93,7520.89,7759.8,7701.83,7174.58,7073.04,6353.65,6537.91,5930.9,6118.99,5580.5,5739.57,5976.33,5176.05,4825.05,4801.27,4295.52,4228.36,4085.63,4122.44,3859.85,3701.86,3457.03,3625.93,2608.83,2469.23,2832.13,2000.13,2000.52,1970.18,1744.3,1512.2,1429.13,1279.02,1023.58,909.516,755.553,790.639,726.279,325.504,297.458,210.512,386.172,157.02,213.079,144.445,210,30,FALSE,1,0.071,3,0.3,1,1,10.2319,9601.54,13.8237,723.394,1.36,,Normal Scan,1.78,7.52082,1204.88,65.5923,99.2825,69.1939,35.8664,2.31545,11014.1,
25,03/07/14,09:35:38,,1482.17,2508.54,2420.75,2428.02,2834.12,4143.36,3477.91,4077.94,4494.75,4027.55,4841.23,5487.48,4973.11,6880.11,6560,8039.22,6862.33,8928.67,7698.29,7139.35,8368.99,8239.59,8594.15,8718.84,8514.54,9477,10077.7,9963.92,9135.76,8856.09,9130.44,10656.8,10507.3,9241.28,9278.96,9800.06,9931.58,9595.33,10062.1,9291.36,9773.05,9262.8,9554.03,9454.96,9946.98,10102.7,9770.02,9446.87,8307.47,9303.95,9160.06,9216.95,9632.12,9130.76,8966.2,9381.8,8359.82,8066.02,9185.13,8199.57,8415.36,8206.57,8122.97,8526.12,8381.28,7951.15,7104.93,8010.68,7294.49,7057.34,7153.5,6784.13,6715.78,5984.96,6083.91,6120.98,5924.78,5287.87,5055.73,4909.07,4233.58,3980.57,4461.06,3482.25,4182.11,3431,3002.46,3225.43,2735.96,2728.35,2505.87,2371.55,1991.84,2207.87,1901.43,1677.42,1745.06,1273.57,1025.16,858.736,854.745,646.694,681.398,442.195,474.143,203.727,154.873,226.889,142.053,65.0002,210,30,FALSE,1,0.071,3,0.3,1,1,10.2319,9601.54,13.8237,723.394,1.36,,Normal Scan,1.78,7.52082,1204.88,69.4838,103.383,72.5158,42.9351,2.31161,10421.4,
26,03/07/14,09:39:38,,1577.74,2148.94,2150.48,2219.11,3298.82,3414.97,4419.94,4262.8,4540.59,5415.87,5369.41,5885.02,5821.6,6805.55,6878.09,6912.74,7680.85,7813.56,8854.45,9040.21,8191.04,8919.61,9829.53,8680.4,9513.74,9858.69,9220.05,9030.93,9357.54,10128.7,10132,9910.06,10089.3,10005.5,10096.9,9877.63,9867.39,10176.1,10348.4,9920.84,9817.85,9536.55,10040.2,9600.38,10665.3,9439.45,9934.14,9126.7,9777.64,9325.72,9436.68,9173.66,9716.14,9162.94,9865.55,9701.59,9760.48,8815.4,8934.33,9880.25,8514.08,9423.46,8701.8,8616.67,8754.42,8056.55,8102.43,7619.17,7002.45,7451.23,7956.28,5611.38,6960.07,7294.33,6230.06,6350.91,5795.55,5331.98,4922.22,4317.66,4643.2,4644.59,4047.42,4589.86,3127.11,3970.17,3389.31,2977.92,3358.83,2787.93,2404.51,2391.07,2346.37,1684.36,1961.88,1612.17,1538.63,1145.61,1372.63,1097.29,887.352,440.024,354.136,275.299,476.43,353.889,153.222,279.479,275.843,109.513,210,30,FALSE,1,0.071,3,0.3,1,1,10.2319,9601.54,13.8237,723.394,1.36,,Normal Scan,1.78,7.52082,1204.88,69.382,102.866,72.2829,68.539,2.30702,10798.2,
27,03/07/14,09:43:38,,717.55,1657.27,927.066,1494.24,1772.16,2012.75,1782.49,2063.55,3461.59,1662.61,3275.07,2986.24,3735.23,4100.54,4210.79,4985.21,4179.09,4909.05,4922.6,4986.5,5608.61,6122.31,6505.6,5738.47,6561.88,7152.7,6727.15,6063.42,6453.21,6877.34,7248.97,7104.95,7971.49,8369.39,7712.29,8551.52,6992.93,6820.47,7076.11,7413.34,8368.55,7985.99,7405.04,7989.07,7615,7686.89,7322.94,7953.83,7657.8,7944.74,8299.01,7800.13,7775.55,7353.64,7746.87,7969.64,7456.29,7353.54,8010.59,7897.8,7186.52,7423,8086.24,6973.37,7078.59,7295.62,6865.15,6980.05,7046.78,6957.77,6257.65,6297.81,5939.08,5542.85,5501.85,5811.58,5201.21,5088.35,5092.66,5142.74,4432.51,4209.94,4424.23,3170.64,3254.55,3364.74,3091.99,2664.15,2813.22,2608.87,2378.61,2352.24,1972.95,2048.13,1905.36,1290.24,1378.93,1435.5,1146.73,874.991,701.881,633.829,630.801,520.806,396.61,335.672,326.749,226.889,142.053,36.1112,210,30,FALSE,1,0.071,3,0.3,1,1,10.2319,9601.54,13.8237,723.394,1.36,,Normal Scan,1.78,7.52082,1204.88,80.4574,114.131,81.4393,49.5807,2.28829,8391.34,
28,03/07/14,09:47:38,,837.052,1052.3,969.662,1183.01,1784.8,1806.27,2101.91,1490.75,2103.25,1750.18,2504.23,2561.57,2681.58,2760.06,2670.14,3617.07,3470.5,3428.46,4400,4515.89,4715.12,4787.16,5219.72,5205.65,5567.49,5746.9,5835.59,4376.34,5771.18,5491.47,5186.9,5290.9,5807.14,6866.52,6122.82,6417.59,6344.33,6231.17,6387.36,5551.08,6221.88,6283,5953,5696.86,6325.85,6449.28,5681.79,6300.75,5891.65,6413.72,5595.51,6469.27,5984.64,6057.13,5710.21,5794.05,6449.55,5958.81,6553.71,5986.32,6002.89,6358.69,6892.22,5843.4,6234.56,6621.84,5987.58,6325.88,6537.6,6034.65,5813.29,4910.88,5909.54,5710.91,4854.37,5823.28,4955.69,4508.67,4942.39,4353.65,3796.14,3846.17,3762.02,3692.23,3862.37,3462.98,2903.14,3050.32,2731.8,2554.6,2734.74,2340.55,1665.45,1670.96,1467.04,1385.67,1654.64,1201.65,1150.4,893.557,833.68,696.553,539.376,535.702,376.134,345.942,162.549,209.609,142.053,72.2224,210,30,FALSE,1,0.071,3,0.3,1,1,10.2319,9601.54,13.8237,723.394,1.36,,Normal Scan,1.78,7.52082,1204.88,85.4895,121.071,85.6565,130.975,2.33207,7042.97,
29,03/07/14,09:51:38,,286.731,806.928,758.508,475.523,1313.88,1240.76,1380.83,888.503,1416.28,1701.11,1211.32,1475.11,1918.41,2259.88,2340.74,2569.45,2725.4,2787.89,3539.39,3064.08,3402.02,4496.37,4462.17,3809.41,4392.74,5300.32,4314.63,4715.31,5156.45,5275.13,4501.14,5157.47,5560.28,5149.45,5727.54,5822.44,5922.38,6310.44,5036.21,6046.06,5880.95,5344.67,6705.93,5564.19,5798.36,5189.13,5624.43,5516.25,5237.87,6537.15,6097.66,6288.79,6108.53,6450.03,5916.49,6546.3,5722.79,6102.21,6098.8,6340.34,5987.88,6354.49,6728.81,6636.76,6163.73,6091.53,5774.54,5367.63,5799.19,5621.75,5849.44,5051.15,5120.83,5760.87,5444.57,4884.7,5219.2,4686.37,4898.29,4490.68,4321.15,4246.87,3997.8,3595.74,2964.49,2623.94,3038.17,2864.21,2707.89,2503.13,1880.14,1988.44,1631.83,2020.72,1746.83,1759.68,1277.14,1470.17,967.952,759.981,954.692,597.789,545.091,470.601,343.083,86.5125,221.972,174.674,177.566,108.334,210,30,FALSE,1,0.071,3,0.3,1,1,10.2319,9601.54,13.8237,723.394,1.36,,Normal Scan,1.78,7.52082,1204.88,92.1417,125.768,91.0748,130.975,2.26897,6527.63,
30,03/07/14,09:55:38,,286.731,537.952,355.468,1007.25,573.715,868.753,934.775,823.084,1582.74,1533.52,1543.74,1953.57,1768.27,2236.37,3255.33,2821.59,3019.42,3461.97,2983.85,3489.97,4165.06,4365.31,4699.44,5034.68,5723.72,4920.62,4220.24,4730.69,6468.45,5558.72,5558.85,6305.06,6135.69,5965.95,5617.62,7337.31,7205.84,6803.96,7111.43,6893.54,7030.45,6356.23,6735.02,5746.74,6353.57,6668.22,5854.19,6559.46,7208.39,7111.69,6502.14,6341.13,6139.61,6303.59,5678.91,5741.38,6510.5,6207.71,5646.57,6611.99,6431.24,6096.91,6231.65,6460.4,6265.35,5968.22,5096.53,6486.56,5204.78,5959.57,5690.67,5362.68,5158.59,5417.92,5771.05,5012.75,4554.69,5091.79,4363.45,4154.65,4095.27,3482.39,3402.76,3540.74,3355.8,3341.98,3027.01,2559.2,2531,2084.63,2230.06,2033.36,2050.23,1875.42,1350.83,1626.69,1181.25,1009.2,1165.97,865.155,986.357,873.77,560.535,592.515,344.227,302.105,171.876,209.609,204.817,44.5127,210,30,FALSE,1,0.071,3,0.3,1,1,10.2319,9601.54,13.8237,723.394,1.36,,Normal Scan,1.78,7.52082,1204.88,85.451,121.649,88.0587,49.5807,2.24587,6860.1,
31,03/07/14,09:59:38,,191.154,717.269,1011.34,713.285,596.496,1052.72,1071.08,1757.27,1397.45,1489.73,1329.61,2264.35,2731.03,2547.37,3256.36,3420.63,2358,3682.53,3331.31,3851.27,3812.78,5124.47,4967.86,5021.45,5520.89,5508.84,6280.83,6240.5,6179.27,6345.86,7465.92,7254.49,7866.1,7792.22,8521.54,8827.39,8487.26,7720.7,7461.87,7487.49,7445.62,7951.85,6754.65,6332.7,6787.95,6977.34,6642.01,6837.19,6387.03,6057.2,6592.6,7032.3,6263.53,5932.16,6260.79,5768.54,6022.25,5369.81,6437.47,6252.03,5705.74,6002.35,5822.29,6341.56,6121.79,6695.68,6167.65,5822.13,5779.24,5491.87,5248.71,5629.46,5601.19,5451.22,5227.38,4932.4,4594.83,4531.68,4938.36,4484.03,3981.2,4106.54,3306.77,4384.36,3660.85,3204.78,2690.28,3084.17,2831.61,2314.02,2326.35,1877.28,1982.46,1794.28,2109.8,1508.87,1458.58,1195.63,850.166,957.59,1202.93,709.418,633.954,528.799,304.418,312.375,196.924,69.8696,142.053,72.2224,210,30,FALSE,1,0.071,3,0.3,1,1,10.2319,9601.54,13.8237,723.394,1.36,,Normal Scan,1.78,7.52082,1204.88,80.0627,118.451,85.0311,49.5807,2.25652,7299.24,
32,03/07/14,10:03:38,,358.384,379.371,1048.97,678.766,894.743,1866.91,1159.88,1456.75,1551.39,1958.3,2243.21,1928.08,2814.79,3231.25,2933.49,3689.86,4694.03,4950.42,5171,4477.54,6477.22,5990.95,6671.24,7622.19,6352.52,7381.5,8032.14,9011.28,8182.99,9690.19,8849.91,9598.87,10682.7,9748.91,9815.29,10643.3,9553.74,9417.73,9461.56,9574.11,7901.89,8353.18,7964.26,6683.29,7491.05,6319.89,6843.02,6551.61,6116.08,6717.95,5940.77,5768.66,5976.61,6132.53,6701.91,6479.25,6392.98,6150.42,6601.96,5963.47,6074.02,5969.7,5806.31,5424.62,6038.85,6707.24,6674.96,6332.59,5980.52,6026.53,5966.82,5348.47,5589.99,5218.07,5234.63,5001.35,5151.27,4782.7,4200.04,4891.36,4277.27,4020.29,3374.56,2963.92,3226.43,3205.63,3096.59,2415.59,3033.7,2539.23,2100.82,2050.66,1964.21,1614.82,1376.03,1352.35,1279.99,1075.54,1237.44,735.944,901.019,535.065,433.995,532.636,462.712,344.781,283.046,215.357,47.2364,36.1112,210,30,FALSE,1,0.071,3,0.3,1,1,10.2319,9601.54,13.8237,723.394,1.36,,Normal Scan,1.78,7.52082,1204.88,69.6579,109.617,78.2038,44.5079,2.24557,8069.52,
